1111111111111111111111111111111111111111111111111111111111111111111111111111111111111111111
1111111111111111111111111111111111111111111111111111111111111111111111111111111111111111111
1111111111111111111111111111111111111111111111111111111111111111111111111111111111111111111
1111111111111111111111111111111111111111111111111111111111111111111111111111111111111111111
1111111111111111111111111111111111111111111111111111111111111111111111111111111111111111111
1111100000000000000000000000000000000000000000000000000000000010000000000000000000000000011
1111100000000000000000000000000000000000000000000000000000000010000000000000000000000000011
1111100000000000000000000000000000000000000000000000000000000010000000000000000000000000011
1111100011111110011110011111111101111011101001100011101101100010000000000000000000000000011
1111100010001000000010010000001000010001001001000001000100100010000000000000000000000000011
1111100000001000000010010000001000010001001001000001000100000010000000000000000000000000011
1111100010001000000010010000001000010001001001000001000100100010000000000000000000000000011
1111100010001000000000000000001111111111111001111111111111100010000000000000000000000000011
1111100010001000000000000000001000100010001001000010001000100010000000000000000000000000011
1111100000001000000010010000001000100010001001000010001000100010000000000000000000000000011
1111100010001000000010010000001000100010001001000010001000100011111000111111111111111111111
1111100011111111111110011111111101110111011001110111011101100000000000000000111111111111111
1111100010001000000010000000000000000000000000000000000000000000000000000000111111111111111
1111100000001000000010000000000000000000000000000000000000000000000000000000111111111111111
1111100010001000000000011111111001111111011101111111001111111011101111011000111111111111111
1111100011111000000010010000001001000100001000100010000100010001000100001000111111111111111
1111100010001000000010000000001001000100001000100000000000010001000100000000111111111111111
1111100000001111111110000000001001101100001000100010000100010001000100001000111111111111111
1111100010001000011110010000001001000111111111111111001111111111111111111000111111111111111
1111100000001000000000010000001000000111111111111111001000010000100001001000111111111111111
1111100010001000000000010000001001000111111111111111000000010000100001001000111111111111111
1111100011111111111110011111111001111111111111111111000000010000100001000000100000000001111
1111100000000000000000000000000001000111111111111111001000010000100001001000100000000001111
1111100000000000000000000000000000000111111111111111001000010000100001001000100000000001111
1111100011111111111110011111111000000111111111111111001101111101110111101000100000000001111
1111100010001000000010010000001001000111111111111111000000000000000000000000000000000001111
1111100000001000000010000000001001111111111111111111000000000000000000000000000000000001111
1111100010001000000000010000001001000111111111111111001101111111111111111000100000000001111
1111100010001000000010010000001001000111111111111111001000111111111111111000100000000001111
1111100011111111111110011111111000000111111111111111000000111111111111111000100000000001111
1111100010000110000010010000001000000111111111111111001000111111111111111000100000000001111
1111100010000110000010000000001001111111111111111111001000111111111111111000100000000001111
1111100000000110000010010000001000000000000000000000001111111111111111111000100000000001111
1111100000000110000000010000001000000000000000000000001000111111111111111000100000000001111
1111100010000110000000011111111001111111111111111111000000111111111110001000100000000001111
1111100010000110000010010000001001000111111111111111001000111111111110001000100000000001111
1111100010000111000010000000001001000111111111111111001000111111111110001000100000000001111
1111100011111111000010000000001001000111111111111111001111111111111110000000100000000001111
1111100010000001000010010000001000000000000111111111001000100001000000000000100000000001111
1111100010000001000010010000001000000000000111111111000000100001000000000000100000000001111
1111100010000001000010010000001000000000000111111111001000100001000000000000100000000001111
1111100011000011100110011101111000000011111111111111001111111011111100000000100000000001111
1111100000000000000000000000000000000000000000000000000000000000000000000000100000000001111
1111100000000000000000000000000000000000000000000000000000000000000000000000100000000001111
1111100000000000000000000000000000000000000000000000000000000000000000000000100000000001111
1111111000111111111111111111111111111111111111111111111111111111111110001111100000000001111
1100000000000000000000000000000000000000000000000000000000000000000000000000100000000001111
1100000000000000000000000000000000000000000000000000000000000000000000000000111111111111111
1100000000000000000000000000000000000000000000000000000000000000000000000000111111111111111
1100000000000000000000000000000000000000000000000000000000000000000000000000111111111111111
1100000000000000000000000000000000000000000000000000000000000000000000000000111111111111111
1100000000000000000000000000000000000000000000000000000000000000000000000000111111111111111
1100000000000000000000000000000000000000000000000000000000000000000000000000111111111111111
1100000000000000000000000000000000000000000000000000000000000000000000000000111111111111111
1100000000000000000000000000000000000000000000000000000000000000000000000000111111111111111
1111111111111111111111111111111111111111111111111111111111111111111111111111111111111111111
